(
secu3:0.03388,
AT1G14990.1-CDS:0.00135,
AT1G14990.1-SEQ:0.13686);
